$ANSIBLE_VAULT;1.1;AES256
63336236316131643335616130343333313535356563646664383266613139666430393432653738
6237386431333234376464383132636534626439366361370a313038663161333239313164643766
61626634623164306664613436306661333636656566343534353539316166626231376461373537
3765626631653365610a393461313231396532303232316139386533613233663838336334613166
65313134323133353133663162613630366336353362303132653764643638653965343162346335
38313535656530303663396562626131653930353264343265326339383837363131306530376265
37613734333365386134353164373963663366663733353437323365333537396366636666613635
33393931356437643162343932643436313837643263613535336439666161393166343835613931
65653732343064616439616264386561393032363735646633623034386636373836326365653263
38383138383531363433653134613535656332636635376433623339376434623833646162376164
65633430666235623864633365303538326364326138326635646636333665393637303634666163
33363065313364363063333532306434383235663338373630623632306266323333653765616164
31323964356439376439393761633461663462346330666164313438663737376633663935306338
63613738356231386265643233316233323837323132323238356637343465613861396630653761
35653530383538633436636266663061393332663233333732343733613630383963666235633836
33363463383663333436626630646539643763313533303939313338613662616634356662656335
65393961336235623034643634633338656636656265613530373538393533396164366433653162
33616664336162623861313533646333346631633330393065313330346532326630623164396431
61393830386336386339363565363634373135666664633238373439643436643539333538663635
36326665346463313436613136326139353966343434666637666436363431663163373665323638
62643734333338356562336136653461396564313561303932366266363832343436363361363661
35353562663035646233376539353939643134643361323532333431323831666231613363393139
34313332326330383065313736373064623931356364343762363234666564346162343136363830
38306665316164323631653033363039373032353364666561623136333430653864373764636338
65653135373861613731326364313931393662316537643462643863633938363661653032343065
66323839653832313137306161636434346435313131626235373532613136653931313266313334
37373538363133316561303439313461306236623137353531616264306237373863303132336236
33333839316531613630366237626432326434643438326638303431343261346333303234646165
31356233356662613263363436616632343732346131326536356230643463303134373963393737
38623861363233356238393565316631353937363266613363306437343735633663643732623964
33623839333336376232306338626639326239626334356133306437313534323731303261653033
36316330376336326230316536376635663139306364306136643761356239343835313238643365
34656133353038306134383535646630613663386166353630633863346139383231303437393538
38336161383565376635326265336361353230313330376336636230633566303161383035663033
64346565613462306662376137613937636534623131313537396332316135643731626363396237
32353330393964333065656462356666383261643366363533633462393331303764393336316665
35383934633065353332623634656436643631343861663438336636306533633038313238643832
34373965306463636239363233653165393263376430343738633062663038343033393861323539
34666334333561393538616163313965646239636339316337393635383339353830386333633363
65633530303235343739346665366364346562306161383165636232323430343264326136653066
34393438663933326339316532646539353132633163353738663563623562306433333365356261
65643435363464303138386665643166326333333561643331373538653865633561316531346434
62346338613030353964666135636263333561613535303464623534663730313838363262356565
33366234393461313964653133373265306139366139306432653432393538613036316332323034
34336431613034663931643163623232643138623365363834303139363463316131383864613361
62626537656166326533636333363236626533653964353237643635363537633363653733656536
62663261363061326639626465656337323331326635323234666665323335316533643564343133
30303633396664393265326630396330313031393235396338663366666435633761393962623861
65313734363635363432663636646561333336373737623165363866343637306632663832356332
65356537316238343837353162303364346565373361616166363837383162373435616435626335
31386665623835633836313361383133323563623666636463303936636436393633376633656333
35326131343961333336353863366638313566356234633338343861366630396238343264383863
33396235613565306237616632346465613036653234346437643766656436653435333835333735
64396265643565373432663262633431333734653230353732356538323230336231363466336364
64393033306361646661353139383139323266623833633732666430343530653366623538376639
38316334626233386362393661633465333439333630646165333435643637363665623034386431
61373635336466633032316330633835386462363133653738353930343465343765336665633732
36646238376335346436373362326266663062303263306239643937653131356162336163633934
63663166346637623736666561393534383163336231313933633363356635666565306661633336
38323232666433626531363332356562626365303137663837623638313330346535656363303665
39633933353765613134343130366561323463373236303538646233623638613366386330646264
34393564373636393338643233663661333962343935323065373961333063303830393234393532
30323562636464326139616238633163663166316166396262653731626239393734356666346531
61643664613836316231663733323466376538633932353631656631666330353864623039313965
31396537636430303034333233343265396133396234623035313034333766363938343431626539
33323439326665323939616533336135333336376130303136386330366335313130653962623136
34386263663563663936343835363539613431373334616231366261363734613437643939366430
32313130636433323933666338396235666461316432653239316630613237373634626262626437
34663138396261663632313565626135343430333638353936663338346132363961343136323864
63323835656361313961346564333862313665306236343666316432643063633062376264643461
64616166633066623161646562343434383839636138643864653462356433363033633731383135
63646361653532393865346239343761323762363137616136623838663131336534393231343336
61316339653033616262343662313735663763616264363933333937346664643736333739326532
33653536393064336431323764333366646332623036343934306431643965356538316231613134
39323838306534373565313834663934336135303161343334613539613636633031613434393630
31343266303833363132316166313632316237663864376664393939643665303135633731623031
38343636633832613933373361623833353662613164333566623134303433366333643362326461
63636566643035303738353464353064663565333738343239616138623662333365346536376166
30656133333134393264386438633163376265653433656666333361643965313531633330396563
31363061636335653532396265306533633936346266663165613030663930363932343337333531
31633766326231396334336433646435633331343830613463623234613663396266363964633161
34383961306630616531383438383132616135333065306639316337613761353262323433623537
61653833623535356532383639363937343862633235313064613838383833383237393633323064
66363337323861653732383962386631356336663037303633613533643430333231313532373133
65643864386530633637633164623632333861393637643333383865353830343739343136633632
38383535343430613231323362393965613833663033613231333463643537323234386533343333
61303865396431353839316534396631616534343036326563313365366161316666643366623037
39383535373761636161643835353661643136363866653661373563666638363166373139613566
39613737356162306430626534323037643965643532663362376463306338623461333636323061
61613738346264383131363132326437643464346533613236643433306135323361316361326461
34353835366262383833333561343865306366643935376663323464323230333431353965356331
64383964656234313935396137616436613466393063333466363236303661396638373434393638
37373435656337356639383066336562326631633130323262373462663264653931373134323864
36393661343733336135303030623866366134623539316261633232376161656131663064626466
31396534383861613761313830646136303465303435666631383330646137343332623030393335
62633430343632636336333462633338653936643135336631613835313138316631383137306663
34343566643737643265386230333564336232323536363462653961306436303237663366333739
35376432643961353636666138623133666632333864386337623365643737313335396230373532
66373838646236663966353862366139616161333631313833356461373036643939623539363132
31386431356136383666313765333234333332313139363937356637386230636663386263386661
33323362633230363033326335646235633266303636633032356637323431316536393964633066
31336231353633366230663332376365663333646663346138663732613631656435383961666435
39326535346435373433366136333434636335306339396233656438386238346234363630666537
63313765316333313933393730646534363332336636356464633762363339313438373165303133
38386130393066303965353332636565343538663063653135376138666432663164633633396565
36343733656165373633633037616636303137363432626336306235323161613135393733643439
62393961363964373039383039366463626533376339333231346636616238393832623035623235
38633435343463633962316230386438373036363465326431333762353633653033386530656336
39313064313636383739343064636134323061383533356265663462653764306138356631663635
34323130373366373664343432633636633137306438313434303765636136626439623461353562
35663932663538313866643061613430316363613663303763303934633537333233343334653330
38613034376330653039656161663331636338323838313235643434333930663634386239383837
66346531663031383064333366646261623534343632376539323636646438383734336630663666
65646635346366643535663632376131366437386638343131623265323239306638393831363961
36396363303830643336613239333830653235663863326437393030666439303463383731646634
39663432616234343166303562623366326333636532323432383437653565643631326435383230
35303366393363393838363931303239326239363065333630646565323762616635623566363737
63323931363935356431393531333361373866636333313761643065313339396638313266336237
63363331363430343939363665393935323737613338376164353765666131353930656230383535
65646433633463316638376661306135663261646361353436653535653437663239356237646665
61353430613536376533316231383366386338323033333465343761616265386239303239633635
31613565633861353636323130373537303562303066653937323230393263623531306434303131
38393961353361663265376135386136396339376136643739633065653636313931663032386432
33636136383963643739646364636663356131346166306338386664333566616561363030363434
33383437633337363639386635646463306364393035323562383630353433363464653231373436
37316264373361653563663935643037366536363562623639656566613065376535356134326332
62346537386235313336396539613330663862653562656233303035343936643065306664636137
34353263333730356136323238326633656666636237623530383434646230616138346135643438
34623738613065363462353162326162656336383835643437383661303436356532386231653366
30326234303032663861386362666265396638393461366262376364633133643438366238366663
36663430373466353739663832623864393036336537316366366239316637643730373439633965
36313964333663363330316535666134353633336436313836376564303564393334646639663035
62636132313632363335633536313332386236633233363837386662383266323330376530623134
36366238343630336239323966303931333066383937643237616464646631343434393932656564
36323235646463613337633466633938663063663338303466656130323538383434633161396137
37303239396261343738306231333937363337393965343564373262326565326338386262316331
66356235626631353534656438656630636264613235366566396231326532313335393464306538
61653238636430663630356266666430353939623237336461666134663064303737356362323339
35303932623236313363376538313832313563623630386661653832313037623634313238363263
63323732383566333865633466343838323463653437636139306135383035363239656535626566
35303836316136323130326531333634663861626436353335396634306335363139323034343335
37656134626436633161623631346433653538646263373232393736616236383532386464626230
31366565363436336138633539316466366338633235373063636464343535616134393366653861
38316665646137323834613862633834313562343931633030646233356637316237373835303366
34396439323436636531343863343735336535616565626337656137326434363766376630663434
30636465363035623538653531323235353936313463323036383233323464626465616436353566
39643633386535393831656666386564396465656530313439373830633566326530323438313636
34333034336434363034356436383933363133346134623937373763303137393238383434376230
31643062336663363565346335613539376266613539353933663235323732343034666334383530
38616633306566656564396139646432343166386435313335333532366539373232303064323966
64343233663834373233663438626166366661386163656261633230643732633037643036313836
35613130643834636263313839643935643762303365356266383930326635316438346336323238
64623161343161626430333138386530303261343062626162653738643565386165306337663138
31623239663734303330346234353664343135663864366337623635323933353061643833653634
37396433363761643161323864373835363934323835313762356562636564323466326462373166
32343964373665643062313631393663636232396231333062643561636638646437373363363363
30613030373539616166633334303065663837383064386431653266333731616562626134383334
39356532643165626635643563366231396132663963616665323837633935646133623561653666
30336138373462656463356336396161323437333936313163613830616330663566643131376439
62653734323762633833633838363939633333613537633565613238373062326532346237643737
39313830646137373031303135366337373062613133656133343164666535323430376133366335
65303331336135386635306331396338353738346536373730336135613131353031373430373733
38613435613235373063383263363230643531313738663434343365366561356532383733313036
32396234336163353965656565656331343364343136383365633736303337666261353563306237
66636361376262383735623634376438303332356435336436636231376139633935393962383366
66656231613863643134346461383266376665386537366161663333313336333637646266666236
30326532653935636561363134613337373130333038623964333133386164373361373235613562
36613436626234623562373039313039366266373266623062623366326638323062346339663232
64366131626534346234303163306365646362636264356533386639366533613562626663613630
39663731623032373436633963303536626564633561343737386139623264616463316632616537
32383832623034366261653563393437643532643937646330326462656163356664313463613064
39383832383366623132663336353939303162326165386336616665613137316337346438626336
61613531666261643034383964376233326432373637333437656661656136373565336438363533
34653631376436396436353265623335396162623464636230313965353533643438383662616663
30346563303566643165333834353536623339396562356263396464626531323732626133343965
64353930336433653763386135316365663338316437656565386330303033373765633964356533
35663738353533356637333036306338383566646564386364633266396432653430663731613039
31643938303538343438323466353464373533386630363438313461306563306262386432333261
37313237316664393932333764333034316533626538646562343162613239666662323935353966
35343232663666303236303335623761636136663433303561303165666234616235353064366433
34663735353666323337376439303164363631623539336332393135616662323537363263643236
66343461343432396635663039313864363735313865623061323537386266306666363739353031
33666666363034326633633463323338323762366433623539386464626639383864343464363735
34346231643565633066636637373539616537366561343535373164633233383536643265306365
65316433343366303237643731323433646664363535656632396532333631353430383639323836
34363464383263653531363564386664326133313730353466656666343137343432636139666163
39636231323462643739633339616166343064356166316532623862623630346436376430373434
64343030363438643938656365303762343332323030623634353631333336623732393838333030
31386232353635333761376536623063396439316364323035326565623466386162353564643634
31356565363734613962326661303065643865656162393333626239623363343763633262313238
31666634663165633338346664313663326432303433643437333438316439343239336431313236
31613764393539353334323334303434623864356263323034633962333665333866333462393238
61353139646464343938656162373637656137363065326639393064616632366566363265333538
34313064623839636434323035383161663566396263613533626635333931393934326263336663
66383735343237393136313038623561373661663130313661343433323832306632653135346165
30353963656661313465366639623563313136613364336131316134306338346164376236643363
37666535626133393466666536626565626334336233373936383261653132376130363865303266
30383465313334653662643961376534383832343333633033616638663936356535333438343331
65626535663838663435383837326462656666613537353134663036373736616465386661333933
38356331363836386537333538363062663162626439356235386437346466393564646435363238
65656464343565383231346636616631363439383130633737653531393239326162623231363730
30336463343737613163653634326236343939343631363033353664343733316332343565656363
35363330336138616130376431333762346232343430316238333832666466626130303032633438
30383238313263636230653764666233613239613234373636623039656464326238323439646666
32646465346536376337613838633239346236303032343565326130663830626439306230613632
39656463313034363935626233626565376261653233303962333063353733613934313063383435
36396137313833363766333935653765376261653330313366646231613437373539346264393236
34396237366330643837363035306136363261333132633166633764633333653032333532366133
37626338383634353639393437376663653730356632336561326237636362663061666562643134
35346536663637643561636636663439653833313437323762343362393039353566366232396361
32353964386363346139303737663436376434316163393236323335363661386133373964626437
39316639316636663631396336633037333737366134316432623031343136626332653331313165
38636237316565646161356266613565626534373934366436656261326661366463303733623739
30333135623930383432333037386639366533663039306639393737313266366263306365613332
38666537393564393137336363656562353139383236303563663731616439363039653461616564
65383036653431323230653463333339333961363535333838616335303136636262303339623466
38636233653162623062346433623432353965616263666537353361623833303631373266363562
64386664613365346666353838386665353036323661373265313132343563373433616333633733
37303164303863343430643865363833623764303261663861363735633630343739656139376564
61383632333039376166363234353734656133363130303865646439336430366130383032393834
39353131626634336466653033656661663363373736623432363730366663316463366166376133
33356361313362633764636437323261623763333937373662616638343361633535373966303830
33323338333536356136613762646261326137636336626533316134346266373962303366343363
36353563376636346231316131633931313261626138663934323834323065343364643531326139
39666462383066353330373334323665313463316633316363376539656564323639396663373562
61343532303633313039616337353332386337616338366165326636393736626462316564343035
63336366373339336339633662396561663236613564396531623731386666323535323233613339
35616361376139303362613966663437663662336130666566316266633262323065343562646637
34316466346565363137376136623238343237363334633566616238383562666434306530653666
35663336306338666330663232616434353531636331613632636434373437336131306335373365
34313464346530326538383662376661646535663066383164376363386239383432643434643033
39326432626264636239386532653936633735653039643734303735616239613232363834636663
39363432393438643736633533346133383338666233303761333632343534346230353261633337
66633938326236646231656564313334643665623039323963363233613336306633363365373333
32653039393935636165393232363736636530623734383966326564666665386365333437323436
31313766623766366434373433633664323166373837383864346235343034373964383738653861
63636465363938663632613665306636653432333530393435656362386466666636306335643065
36643439656262353037313035353161323338356465643638623663323238353765653335383263
38383739306339343135323435636534643933613237656431653534356430633733373936396265
35386231333365653639666364663764363861383931333232336139626564393935623930326336
39616332653335646230633665393631656366313530616332303132333239663564613139356133
63626361356336336239386462353463313365656263663932373939353238663030623663396331
39613563393236643963643461363537353532366261623132393739396331616636303937303163
66343730363561666465666466313465373932663532316638633931323034636466336138363661
33316534636137663432616361343837343337323436626162323130376332343534323437343262
66343532303638636465616432626366633363383563306664353530316234646166346337633864
38373036633232653432303563643530663564326563346566663935653939363932343435363137
66313334323766626665643239623961656537366438313531633665383530343739666465333262
61313432363864646363333737626364363437653361363630363461396639666436363761373435
63663864313364613731613633393638613064613061633763643933323432613738306133633038
36353536643635386633333439376164306338376466323035313865363762643734323566666237
65626461363962636530656630373533316630303362626337656635303938376630323864333563
39656663666663623434356339613732386661333966356538356461363665393638353432316632
63326137303736666431636566353563303735333138383533613131343838393431366661386562
63343163643564326138356465336161376439623637306263306366323031386236663036653166
31363439343835323365633831313063383334623266336439333661343936373939353264356537
63343831613164346664613466323130636333373263663466653164323665636437643663366262
37323765303439633562666162643962613932666430623163386362343334316563616238316264
61343037306537373937313734663761653138613262616562303962353933623736336265653634
30386330326330666564373366643236623734373439306531323335363733343836636535336332
64663837393632383839613630383962393038376638636630666330343836333632363733316335
36383865646663346230613138326536316336643239353536623763333737646139626261313834
61666666616164353038383864373561303332336437323364396164313361356532343933306465
32353331643431633963383532623138343336376637623335346639613864623165393839663434
33346261663533623032653933653761353537353730343838666564383466633533316432326239
61326439646563353634303863663532636465613537343038376164616663393932363537313865
66383731386361393966386534653538303764656364663464316136336561353735653339386539
30633663313039303939616430636664356532316132363164326536623932306664316361666434
62623932653035346334356236316465356235336232373737623838643534623736383631643732
30343661393761333066656335386364396235356431623835383761373936643637303461396262
34363433303263363831363631383164393632343566663861303630313335396662376435666563
32633662336237373862653432373665656130613737643866663564613632336666366261623733
62306232393038396139343062613038323634353334356339303961313031383434366433633738
38356364303939396336303235633463653137643962336434386363636261653733346165646265
37313664303131303133356537303663656539356232316635393038336262343639306431393730
63653964363965346230616261393666303633653766613162653636306361323938646365373831
37343161373231386336313063346230306538396435333530353832386331633165656235643764
62613630386136616562353939663463663932363135396563323836393637363663323034616463
65653230643434343932613861333231353864386665633331303833303464363933633966343430
33303137626264333766333337646335303464356435376136303934636361633034646131363635
65623931633036656632666665613366303665333265326336613963653932336237623766666234
38363365656234336464303037626432633339393339626130643433636638383237633936393465
39356234346462643432336339396536393438656538326664366631306363623131396535383237
62643130336463643537386362396438373733336438383333356233653232666666643331656338
39633963653637393564613537346466333636376439656261326338616434646135623334623163
62653333376636376430353965346536326164643835366162363832323462383438663933373638
33636238316563653532353430343934643134383230383361396334303636353535303635623432
35646436303732343535323937373930623263386335383466303732356435373462336638336633
38366630653339303163323237633866643631303134323539333938373962363961626438353466
32626533653732623834633035626265323233616135656361373932353462633866303331363763
37356635656465356465616361333264366634643234636462323363613037393662323635663064
33316337366461356235633736386561363331666433373662363334336263653866346438393763
62616330646663653438613939303738366462646462613261333038353164323231326630393562
63613539356138303835373234353866363866373934336637656666633132633861613835356634
64623430626365313964396165396539366139393134613734643535333435386331303030333164
61323162373434653832626265643064366637316164666237346134343562393533336135633330
35663534646564643630643734643232313736356339386666353563656131633136383330303036
32663635383461613537323065663938333262363761623062343564373433306534333033663333
38366266323966383562393431303432663837636133653062363563663032343838333538326336
38353635616664346336356231646662386530353131303331313662613563313036656339623762
34373536633662626238393339316433306263306139373536386332643838336161316537363834
38643032623832616662313866346534303233346439333830663238383361333432356236653933
66383432306263663235633537306561623265663433396666633762613032643732386261383838
64373039316362373631323662343836656331633861636332376262643262343065353162353134
31666465353831363433343238666437323465613163643235373133343263633136303866663061
30303838643131616331653362396133663031346630326533353263333536306436656162613332
61636333646230346163663361346262303135633836333064383434346431656164626136643938
63373461666637373439356563353666393831303563323263376136313838333932663332346365
33396133356265366165343036353634326537653230316264373937656666343633383663666436
39323537663563646365353963663137646437366161626465663438363662366166303438383162
65393762316430663730643234343034643333666538633937356362636661346333626330303461
30396132396236666436636430306431653330333062643939663838393337653234393933363761
30303564353638626366326137346564313837653863636531366335383139363539323237353933
65613464393762316139363464303434643433646130653237613738616336646536323062636530
37376564613962656166396365373137396634376132373463333231386632313462333136376461
38393337663865313666363632653132626161346233326662393166363165663036616334303836
36366232373037323838393137323761373632336330613161353931343935636562316465366565
31333837316265366664366136323337643962616666613865383066333433623863666666303433
63373536653064656135663262303134363365393834396338626536663136303933323339663834
36663031353238363266656438356637366631303264393730363965626262393139373938303733
38383838666161393337396539396631366664636439313361366663316239313933386539313335
63316437646336643764363564363731663362353436656533663632393665383633316633623962
32616130323833356239343936386666643130643366306266323730353737636438396561646436
63623161336530616132663561393435316463613832633236366465343437623066653536306265
63663332663238666236636530373136383535373033656634363665363937623536316233636335
62613463376639656265316535653561366331633634616536653361636262653566613835626566
32356262303332373236663061663435353036646330323533343936373233383635336366393064
37633566363261356331323265323466316433663863393833356462306135353561353734383863
33363335663933363132356137376364653065353562396133326461393830323964326535353031
37343238306564303361633366666235313537306233306533643735363165656439656134313831
39383530323938393662663136353831393061653464636230383439393661303031396137373362
36616164326637323334353166336365613333326138316563636538363464633164346263386366
62663266393536326634653031396337646230303131613933613535653439366635383261653961
35643862626539363932396234653262303439626166653436656534323230363534333336346362
34616161613866656235623161366631323131616337376435386232646137336364643163343032
64366166623465636161656161316561333130306432626230303831653338663161633034323937
62646636316462613139613631386464663239363233323133323564363335366137306330623263
33353038373537313037616165613963376438626331656338353535626264616239633364316563
37303338636233623561373365373664663832373432396635306437623333313437333963636465
30396633356436306233366561306233666138616434613666663435386233306661656263343439
34373537613065616661303061306666653938616530333236323465303332323461373933363035
38323338613966366262306164313333303134346566623834353965323265613739356637663861
31383838373532613937303234323536313333613531383230343266363035646266373630393739
38383836383136313464313938346234646163393535663434313834626138643438353263616335
30663139613236663230363239333235663734323139376433326461303839333332306234303061
31396133393337326134363234333436326465393934623135303234353330363130323039313266
39323835626537383764316638386337613763326661316363386363333832353063656565626663
37303862613665323337343964616561343365343562373739643664363435373564613562383162
35633835663564346635626639653736386430353037613839636338653062626536363338666563
35306438636537653130656636363831353362313263356564366137626161633666646364303262
38643132383432343639653864663236343762343733663165313938663837373731343665383232
61653162326435333538323231333666323031633731366439363238346334666163326534623461
63643835646361373930613664323139356434363737633139316361303666646432343338303333
64383737396663373830396135383735643535393939363836363039626331363739303539656538
34643565666334396466336363636635663566393530363531663933643930653736316538373539
34323761346238353133613538643234376465643336366561396662303361383961336539373939
39343437393038393735306535643235393436313532643062353839376639373261353539393263
64613533396365396264356435666136393265313930386438633630373734626264613234613733
66633165346265333664393265386132616362623638373465383462313631373365393761626665
64323831353961623535366565313232313866306562333136613137356265366333386238616365
63636539363763363034623932666266363335383333346364323831643532313462336433363932
33373139326636356539323864326266306134383866363033653461316466393165316330663732
34376164643266306232316265396531643863353331393736326666343631353037373464616533
61626430303832643530303231666666333535313530303430396233623566636534303765643765
36313330633838366431653139383237646536653937343936646639356637373339316661353864
34663234316635373365353164323238373363313361623463313336363335373831373737346239
39643661363665646665303066373566323739303036316461306636313762303866633536313266
35333731303334656531623936613232373333346438306234303164383535303661633235303939
66336231316561353039666334363635343961613733383662316130323736323361383364656238
65653534656430663864393834353033623032623938316330386139633866326330656633373131
34316135303566303864343836333131356465326635613662333033646566656235333531396337
37373562306266303762323239353035323437393531386162623662383863633166343166333863
65653834313561326139333362633430613531376133613966666166663161363664626536303032
32663638346636656264373635666638663362653834383432316537356631336335626337663965
31373666336665643366343130306234316563353132616134346564336531396232633462613836
30373335353935316235643763656361353334623565646462356138393734616164366564363863
33323633316334653666306134333166306536306530386261376637373562316230653535363239
35653562303361373330306139316663346130333261363032643139366331323766343930623565
32356236326632373836633031366563616432313430366130363635613033373335373766356166
65373664316464393063353231356532306338306363613164386163616134313733303731393039
62613563653437356132393034363233333162336238306237636133346431353734313732326565
37313930316230353135353732336562346534386630373634613931303666306661623538303337
33323439626234343265643766366161323761343835326564306465636563623332363531623737
32363833356634373164376437346566636361376433393837636338313464636564363434373337
64656136366563383634303333303066373664373039323364333465346163326530363839383934
38396235616131343262633861636432303233396662626364393938623563373834626333666430
65633533353761323866663261366530636662373138653936656361363964383661343862643333
37636531653066363836313232643064343934366166333864313136336134383564303665613165
30373632663932333232656165373634616661366337303630623034653339313534326665643435
38663331353062306538613163383736303164336431663436336137636538353938353039303736
38353736313135303461376132653336663633666238313932613063373135643838323161356165
37656636666135386336633530353336663139363264323061326166383336663566396534346437
66656231356239376266313836356631653464356437613331666532373465373633366465643438
33666263376136393430353139633339646562313530383066636266616333643536343839343832
37363163303565643732333335363038623961666663616361353961366635653837386165623335
30346537396133643035653161356230303362343833376561643762316535613134376432346231
32313935306630383866356336326338396239373432666630303234613332626338653737336263
39626264653930323738653261643234343561353564636330643265363832633231393066306132
39326233613332376365653133363964326265343430656333646264383766363361373338393932
36353033393561356336623166623530323932313066363036353039663132653032666131333532
33393765346163376661383432646335363063373732356366653662343430366666336637376435
34616361306332636137643030636632616364363939343463656533653663336337366235303438
30333031373930623839343531626536663530323134393031323337386135613266396337373430
34393836376638663762646538616430333137303938323965613532316236363933636535386464
61393836643039316664383666313939336331383438386236633863313432396263633831343065
30663831656531663436396264323866656361663437386563636230393739666465326636333261
36666539373738633536333833666361663732353433643566336464333333326364373661383336
38623934366138326563316337366237666637343431383939336665653664643562343166366435
65653238376366653732633030363538613539383235336336366162626334646265376339643364
32633363656535343134346433393034366636666534366662316465323933333336323936373664
61316334333762326332306237303737356538646433326532643563333035306362353766643239
38316134616233306463613263323231383234633562343832323032303265666461666431643962
36333639656138323432343362653961613433303564623263333962626361333932636433653337
61653039393665323362326266373863363065613533363066636536666630346363346631393539
39326363323535316464633838346134303733326336626638626332393432383865373239373935
35643637306133353335363637613731363961386166613238363231663332653037656262323233
64343430336261363965396232313237643935643766636462623733643062393562303463626664
37333536616166373166353835656432323862306336613661316437343939623165343262646336
39643363373466373061373562616638616331613932366237613030646666373639323335353437
31613263393136323734386634356465623864333063323563373730366338613330346565336236
36333963656361303738643531633636376263303239666563316638376465333663623333643465
65323938353262376461343864316637376666353436653732383633316532623161343430343032
37333132356233653336363439366338383364366631376536383733316634333262363662666661
30613536356437393534653939616664343135366637653830663662616363303361383763623132
39613935663231616137353031643530353566643366373638373935373233363562376166383432
6534653466353831653339363639643631663338333735626636
